0	0	epsilon 50
25.5156	26.5817	trill 75
26.6427	27.5574	trill 68
28.6399	29.5063	trill 80
29.6315	30.5328	trill 56
32.5584	33.411	trill 59 75
34.1334	35.2403	trill 75
51.7962	54.9461	trill 50 52
52.5462	53.167	trill 50
53.2962	53.917	trill 50
54.0462	54.667	trill 50
54.9403	59.11	trill 52 51 54
57.5462	58.167	trill 52
58.2962	58.917	trill 52
59.0462	59.667	trill 52
84.6659	87.4712	trill 81 82 84 86
86.3326	88.5527	trill 84 86 89 91
87.5826	88.5647	trill 89 91
91.3248	92.5817	trill 69 70
101.006	101.748	trill 67
101.839	102.944	trill 65
103.085	104.632	trill 62 76 77
103.833	105.082	trill 76 77
115.045	116.332	trill 57 58
130.812	133.031	trill 85 76 77 84 82 57 58
132.166	134.022	trill 57 58 78 79
133.416	135.491	trill 87 78 79 86 84 59 60
134.666	135.707	trill 59 60
135.909	137.165	trill 60 62 61
151.833	152.79	trill 68
152.994	154.248	trill 91 92
170.916	172.582	trill 43 55 44 56
173.416	174.665	trill 41 53 43 55 54
189.126	191.748	trill 74 75 70 71 77 78 82 83 94 92
210.487	213.623	trill 81 82 24 36 25 37 75 84 77
217.999	219.671	trill 40 52 41 53 55
219.249	221.729	trill 55 56 67 68
220.499	223.978	trill 58 67 60 68 45 46 61
222.999	224.248	trill 60 61
224.249	228.053	trill 63 72 65 73 64 49 51 85 58 87 60
227.999	230.562	trill 70 72
231.736	233.207	trill 51 53
268.416	269.741	trill 73 70 74 71 82 83
269.249	270.499	trill 82 83
270.499	271.749	trill 74 76
272.166	273.415	trill 61 62
279.651	280.499	trill 85 86
280.916	282.999	trill 78 70 79 71 76 73 74
288.416	289.249	trill 58 59
289.666	290.499	trill 74 76
290.908	291.749	trill 58 59
292.164	292.999	trill 50 52
293.416	294.257	trill 78 79
294.666	295.499	trill 71 62 73 64
316.329	317.583	trill 49 50 52 54
329.979	331.146	trill 62 57
331.333	332.165	trill 69 71
336.232	336.913	trill 62
337.585	338.413	trill 69 71
341.749	342.997	trill 50 45 52 47
347.988	348.623	trill 50 52
349.659	350.499	trill 72 74
350.914	351.957	trill 69 71
352.166	354.457	trill 67 69 66 57 59
354.637	355.722	trill 55 57
355.905	356.957	trill 53 55 72 74
357.171	358.415	trill 41 43 69 71
358.419	360.456	trill 67 66 57 59
360.909	361.742	trill 55 57
362.166	362.937	trill 53 55
363.835	364.712	trill 75 41 43
365.068	365.915	trill 68 70
366.322	367.165	trill 65 66 67
367.583	368.415	trill 79 80
368.833	369.665	trill 39 41
370.083	370.915	trill 50 51
371.333	372.165	trill 55 56 68 70
372.559	373.415	trill 52 53 65 67
373.829	374.665	trill 56 58 79 80
374.857	375.889	trill 59 43 60 44 39
375.499	376.124	trill 71 72 63 48 65 50
376.32	376.918	trill 75 77 50 51
376.749	376.957	trill 69 42 70 43
377.166	377.374	trill 78 79
377.574	378.073	trill 70 43 72 55 56
377.999	378.207	trill 82 84
378.416	378.624	trill 76 49 77 50
378.828	379.338	trill 88 89 52 53
380.083	380.792	trill 56 58
420.273	421.522	trill 77 69 79 70 75
424.023	425.272	trill 59 60
426.523	427.763	trill 69 70
429.023	429.855	trill 81 82
430.263	431.075	trill 59 60
435.271	436.082	trill 81 82
439.44	441.105	trill 43 45 64 65
444.321	445.064	trill 57
445.684	448.605	trill 51 60 53 62 45 46 43 64 65
450.586	451.287	trill 57
451.83	452.564	trill 74
453.185	454.727	trill 60 62 45 46
455.898	456.939	trill 55 57
457.356	458.831	trill 57 58 74
458.606	459.439	trill 58 60
459.856	460.689	trill 72 74
461.106	461.939	trill 70 72
462.148	463.189	trill 68 70 55 57
463.598	464.439	trill 34 36 57 58
464.855	465.711	trill 36 38 58 60
466.093	466.96	trill 38 39 72 74
467.356	468.132	trill 39 41 70 72
468.402	469.408	trill 68
469.856	470.659	trill 34 36
471.1	471.928	trill 36 38
472.361	473.16	trill 38 39
485.133	485.89	trill 64
487.773	488.627	trill 88 46 43 89 48 45
489.023	490.272	trill 76 77 91 89 88 85 84
494.021	494.876	trill 43 89 45 88
495.176	495.909	trill 76 77
500.374	501.105	trill 89
502.762	504.022	trill 45 46 75 77
506.624	507.332	trill 89
508.19	509.784	trill 69 71 70 45 46 75 77
509.44	509.647	trill 62 63
510.69	511.53	trill 75 77
511.94	512.355	trill 60 62
513.19	515.273	trill 52 53 69
515.63	516.114	trill 62
516.94	517.735	trill 75 77
519.435	521.522	trill 93 94 52 53
521.523	522.564	trill 50 51
522.565	524.022	trill 79 81 91 89 87 86 84
526.528	527.582	trill 93 94
527.773	528.328	trill 50 51
528.841	529.595	trill 79 81
530.69	531.73	trill 66 67 50 51
531.94	550.166	trill 78 66 81 80 27 29 34 36 68 82 65 63 67
549.031	550.53	trill 55 57 65 64
550.531	552.33	trill 60 62 70 69 34 36
554.267	554.721	trill 34 36
555.293	555.761	trill 81 82
556.503	556.963	trill 65 57 64
557.751	558.284	trill 70 62 69 60
559.31	560.351	trill 69 81 45 70 82 46
560.977	562.017	trill 71 83 47 72 84 48
562.643	563.684	trill 73 85 49 74 86 50
564.31	565.351	trill 74 86 50 75 87 51
565.557	567.017	trill 76 88 52 77 89 53 81 45 46 82
567.334	568.684	trill 78 90 54 79 91 55 48 84 47 83
568.898	569.702	trill 86 85
570.557	571.349	trill 50 86 51 87
572.229	573.042	trill 52 53 89 88
573.892	574.711	trill 90 54 55 91
